379
393
407
427
445
462
485
516
560
592
640
675
707
725
743
764
777
789
801
814
833
852
884
931
965
1004
1043
1092
1116
1125
1134
1143
1146
1166
1190
1215
1225
1231
1238
1237
1238
1246
1271
1298
1320
1333
1346
1355
1362
1379
1397
1415
1421
1429
1439
1448
1454
1460
1466
1470
1476
1482
1512
1554
1604
1639
1677
1707
1740
1759
1777
1786
1790
1794
1832
1870
1908
1911
1917
1929
1943
1955
1961
1967
2012
2057
2101
2118
2136
2158
2170
2181
2187
2190
2195
2209
2231
2251
2262
2283
2304
2338
2358
2378
2382
2378
2392
2426
2464
2486
2491
2502
2511
2520
2536
2552
2571
2577
2588
2603
2636
2670
2697
2726
2756
2789
2803
2816
2828
2843
2860
2876
2889
2913
2937
2972
2995
3025
3066
3105
3137
3126
3127
3128
3146
3157
3180
3224
3256
3275
3286
3306
3339
3370
3395
3432
3461
3513
3541
3587
3613
3650
3669
3690
3700
3710
3715
3720
3728
3736
3744
3750
3760
3769
3779
3784
3791
3796
3805
3813
3822
3827
3841
3858
3880
3892
3880
3868
3856
3868
3879
3890
3897
3924
3948
3967
3972
3961
3960
3967
4009
4046
4069
4089
4110
4127
4141
4154
4172
4185
4200
4211
4218
4231
4241
4250
4253
4265
4281
4296
4321
4347
4386
4413
4435
4474
4503
4537
4542
4555
4559
4571
4580
4588
4605
4623
4648
4654
4659
4665
4679
4695
4717
4732
4747
4753
4758
4782
4807
4832
4837
4842
4871
4897
4924
4929
4906
4883
4858
4867
4879
4895
4907
4934
4957
4980
4991
5004
5017
5022
5027
5032
5057
5068
5086
5086
5099
5108
5115
5118
5123
5152
5187
5219
5227
5245
5266
5288
5295
5301
5308
5315
5320
5323
5328
5333
5344
5355
5365
5371
5377
5387
5400
5414
5451
5486
5524
5534
5541
5544
5545
5548
5553
5558
5566
5572
5584
5591
5598
5606
5622
5655
5695
5727
5762
5786
5814
5817
5821
5821
5835
5847
5861
5866
5872
5896
5920
5943
5951
5979
6017
6072
6109
6122
6115
6111
6125
6137
6157
6162
6167
6184
6214
6252
6265
6274
6265
6256
6255
6274
6320
6360
6393
6384
6375
6356
6355
6357
6366
6386
6403
6420
6423
6428
6433
6442
6445
6449
6456
6470
6483
6480
6478
6490
6519
6551
6586
6613
6635
6640
6650
6658
6666
6676
6687
6720
6747
6757
6751
6748
6774
6804
6837
6862
6881
6906
6933
6958
6972
7005
7034
7055
7064
7095
7137
7165
7174
7182
7192
7215
7235
7253
7259
7276
7293
7312
7329
7346
7347
7342
7340
7350
7368
7387
7392
7413
7467
7546
7600
7619
7620
7602
7590
7585
7597
7619
7651
7679
7696
7705
7733
7738
7748
7743
7727
7707
7688
7696
7706
7704
7702
7703
7718
7758
7794
7832
7842
7848
7882
7919
7956
7973
7991
8011
8022
8033
8044
8050
8055
8063
8071
8082
8088
8108
8121
8141
8147
8163
8131
8099
8063
8069
8073
8091
8112
8135
8140
8137
8122
8113
8106
8114
8123
8138
8150
8150
8148
8153
8166
8186
8207
8229
8245
8253
8259
8270
8283
8296
8302
8312
8322
8363
8400
8437
8444
8449
8460
8485
8516
8553
8579
8595
8602
8624
8653
8693
8718
8740
8750
8753
8756
8760
8773
8800
8802
8802
8789
8798
8832
8877
8924
8953
8970
8985
8988
8996
9011
9022
9028
9028
9032
9036
9043
9051
9071
9085
9101
9108
9106
9102
9095
9100
9106
9119
9136
9166
9190
9181
9163
9144
9153
9162
9174
9187
9216
9246
9275
9280
9285
9293
9307
9319
9330
9337
9343
9340
9337
9334
9340
9348
9351
9356
9359
9364
9368
9384
9402
9422
9434
9446
9450
9462
9480
9509
9526
9548
9572
9620
9663
9697
9716
9736
9758
9771
9768
9777
9799
9797
9800
9790
9813
9824
9848
9872
9886
9887
9912
9944
9982
10001
9995
9991
9984
9999
10028
10063
10103
10147
10191
10232
10239
10245
10249
10261
10268
10280
10298
10314
10324
10348
10374
10402
10410
10418
10420
10436
10455
10463
10457
10454
10487
10526
10560
10589
10633
10674
10698
10724
10748
10772
10753
10736
10712
10739
10788
10844
10888
10912
10940
10953
10969
10981
10998
11020
11036
11047
11035
11034
11073
11145
11209
11225
11213
11217
11228
11253
11266
11278
11280
11279
11270
11266
11268
11281
11293
11304
11338
11372
11406
11412
11418
11419
11424
11435
11448
11468
11482
11503
11516
11513
11515
11525
11554
11586
11607
11626
11632
11660
11689
11716
11721
11724
11746
11789
11832
11865
11887
11910
11924
11925
11927
11955
11989
12029
12029
12024
12016
12022
12023
12019
12016
12027
12040
12059
12073
12074
12070
12071
12088
12103
12112
12098
12085
12072
12084
12093
12101
12107
12116
12132
12146
12159
12165
12144
12136
12128
12142
12143
12145
12157
12186
12215
12247
12262
12281
12293
12308
12318
12327
12334
12344
12351
12362
12370
12389
12401
12443
12494
12552
12582
12610
12635
12660
12671
12685
12695
12701
12703
12739
12773
12806
12805
12817
12839
12856
12887
12908
12938
12934
12935
12935
12954
12973
13003
13017
13038
13048
13061
13062
13074
13089
13112
13123
13135
13140
13147
13157
13167
13175
13181
13186
13178
13180
13169
13165
13149
13133
13137
13139
13172
13191
13212
13217
13235
13255
13269
13282
13293
13309
13326
13351
13378
13406
13433
13463
13487
13504
13517
13536
13555
13574
13580
13617
13667
13718
13771
13829
13885
13908
13912
13930
13948
13961
13970
13980
13994
13999
14005
14016
14028
14044
14056
14069
14077
14076
14080
14096
14132
14169
14205
14229
14275
14309
14354
14373
14396
14408
14401
14390
14379
14407
14429
14452
14460
14475
14492
14500
14510
14515
14527
14549
14577
14598
14607
14610
14619
14616
14615
14608
14614
14642
14676
14711
14724
14731
14767
14803
14836
14841
14846
14853
14860
14867
14882
14916
14956
14990
15020
15044
15064
15073
15082
15089
15090
15073
15063
15057
15070
15084
15093
15102
15103
15105
15104
15109
15115
15123
15129
15132
15151
15176
15201
15207
15227
15267
15313
15354
15378
15418
15441
15465
15473
15497
15517
15537
15547
15557
15564
15600
15637
15685
15726
15770
15803
15813
15819
15825
15830
15840
15830
15821
15808
15817
15823
15845
15868
15891
15899
15907
15919
15934
15932
15929
15915
15935
15956
15983
15993
16006
16024
16057
16100
16142
16157
16155
16149
16155
16161
16167
16178
16190
16203
16211
16218
16232
16270
16318
16360
16377
16384
16396
16406
16418
16451
16504
16567
16615
16643
16661
16671
16716
16735
16742
16715
16714
16720
16711
16723
16742
16779
16834
16879
16922
16925
16933
16934
16932
16928
16930
16942
16954
16981
17008
17049
17077
17097
17103
17108
17116
17130
17146
17161
17173
17201
17227
17245
17240
17233
17238
17248
17253
17266
17277
17302
17313
17326
17349
17374
17397
17407
17418
17443
17466
17488
17506
17527
17546
17563
17576
17591
17613
17630
17630
17609
17592
17590
17594
17595
17599
17604
17620
17638
17675
17712
17744
17764
17786
17834
17860
17876
17854
17850
17851
17864
17882
17898
17918
17929
17938
17946
17954
17963
17969
17975
17997
18023
18051
18062
18068
18072
18090
18111
18128
18145
18159
18177
18181
18186
18198
18210
18221
18217
18218
18236
18263
18278
18277
18289
18305
18320
18321
18324
18337
18352
18368
18374
18380
18385
18391
18411
18438
18469
18484
18492
18481
18471
18462
18468
18469
18469
18469
18477
18499
18520
18537
18538
18541
18545
18557
18564
18579
18598
18621
18640
18652
18663
18677
18688
18693
18693
18681
18676
18669
18676
18689
18701
18719
18735
18752
18761
18765
18766
18771
18777
18785
18792
18798
18807
18819
18828
18832
18835
18845
18874
18898
18919
18923
18927
18937
18947
18958
18960
18969
18994
19022
19045
19051
19072
19091
19107
19107
19108
19114
19120
19119
19119
19137
19170
19202
19221
19238
19267
19292
19310
19337
19361
19385
19390
19397
19429
19470
19511
19535
19546
19557
19560
19559
19584
19609
19641
19648
19669
19687
19705
19716
19730
19740
19753
19770
19791
19795
19794
19803
19836
19850
19856
19842
19848
19873
19899
19924
19930
19953
19974
19992
19997
20002
20007
20024
20061
20095
20118
20122
20134
20143
20152
20162
20181
20217
20243
20260
20265
20282
20303
20322
20336
20354
20369
20384
20396
20405
20413
20418
20426
20432
20440
20456
20474
20479
20494
20508
20534
20541
20547
20551
20556
20579
20618
20689
20744
20783
20798
20811
20823
20826
20831
20840
20853
20864
20879
20892
20906
20913
20944
20979
21013
21044
21075
21114
21135
21151
21175
21195
21218
21232
21250
21263
21296
21345
21409
21460
21499
21525
21525
21518
21511
21514
21517
21539
21594
21666
21724
21754
21765
21772
21777
21786
21804
21839
21871
21894
21913
21944
21976
21994
22003
22011
22025
22036
22046
22050
22053
22056
22061
22068
22075
22080
22079
22082
22085
22112
22155
22200
22249
22278
22305
22309
22273
22238
22206
22223
22231
22235
22232
22238
22267
22295
22320
22323
22348
22373
22399
22413
22429
22444
22452
22469
22483
22495
22500
22509
22522
22537
22550
22561
22549
22537
22530
22543
22564
22576
22590
22597
22608
22617
22636
22652
22667
22686
22712
22748
22774
22775
22773
22767
22779
22787
22805
22836
22855
22859
22852
22854
22864
22871
22879
22885
22889
22892
22903
22927
22952
22967
22972
22989
23009
23041
23065
23095
23112
23125
23130
23139
23153
23163
23169
23167
23170
23173
23175
23180
23188
23224
23264
23305
23333
23350
23364
23373
23399
23451
23507
23554
23581
23611
23654
23693
23718
23725
23730
23741
23752
23765
23772
23788
23814
23842
23862
23872
23882
23901
23919
23926
23919
23910
23921
23935
23949
23960
23977
24008
24032
24046
24056
24058
24072
24076
24087
24092
24101
24111
24119
24121
24125
24110
24100
24087
24105
24135
24168
24189
24183
24175
24168
24174
24179
24183
24191
24202
24218
24219
24214
24209
24224
24276
24324
24360
24363
24374
24387
24392
24392
24410
24437
24466
24477
24481
24506
24531
24545
24540
24553
24583
24618
24631
24644
24657
24687
24716
24732
24735
24730
24745
24761
24801
24822
24847
24856
24867
24876
24887
24898
24912
24924
24936
24955
24974
24990
24995
25011
25027
25047
25078
25110
25137
25148
25158
25192
25217
25247
25252
25260
25266
25273
25280
25290
25305
25303
25288
25278
25287
25312
25326
25341
25347
25356
25362
25393
25427
25458
25476
25472
25478
25475
25492
25500
25505
25506
25510
25515
25520
25524
25531
25546
25564
25581
25600
25613
25624
25625
25629
25644
25651
25659
25665
25680
25694
25698
25714
25739
25767
25791
25813
25832
25840
25842
25846
25864
25877
25886
25883
25884
25903
25923
25944
25953
25964
25995
26024
26052
26061
26064
26065
26094
26129
26162
26166
26198
26244
26270
26266
26263
26286
26309
26321
26327
26336
26346
26352
26369
26383
26414
26434
26472
26490
26505
26502
26506
26516
26532
26547
26559
26565
26583
26606
26653
26693
26732
26753
26771
26780
26783
26791
26801
26812
26820
26862
26903
26953
26970
26987
26992
26999
27016
27032
27049
27058
27069
27076
27081
27085
27091
27099
27107
27118
27130
27155
27177
27220
27249
27276
27280
27287
27291
27298
27302
27328
27350
27372
27376
27380
27387
27395
27409
27426
27443
27472
27489
27514
27521
27517
27508
27499
27507
27522
27542
27571
27583
27592
27596
27615
27630
27649
27658
27673
27680
27698
27713
27713
27714
27728
27761
27784
27802
27816
27840
27855
27876
27885
27896
27912
27928
27942
27945
27955
27965
27977
27963
27949
27957
27987
28030
28050
28070
28077
28083
28104
28128
28159
28172
28189
28199
28212
28213
28225
28234
28267
28294
28332
28377
28420
28452
28458
28486
28521
28559
28567
28565
28564
28569
28580
28596
28638
28679
28728
28769
28808
28823
28816
28807
28829
28857
28918
28962
29004
29016
29022
29032
29041
29050
29055
29076
29097
29117
29121
29133
29158
29191
29229
29272
29316
29346
29368
29383
29400
29409
29421
29433
29467
29497
29541
29566
29595
29612
29641
29673
29702
29720
29756
29791
29825
29834
29847
29861
29876
29887
29894
29904
29914
29933
29942
29955
29957
29986
30011
30036
30043
30052
30061
30071
30082
30094
30101
30105
30108
30121
30145
30215
30295
30360
30389
30419
30461
30483
30508
30553
30618
30664
30685
30691
30694
30703
30719
30733
30760
30789
30813
30815
30834
30851
30878
30884
30904
30914
30930
30959
30993
31028
31036
31043
31046
31056
31077
31101
31127
31147
31180
31211
