694,732 -> 290,328
872,938 -> 167,233
770,318 -> 770,437
974,980 -> 28,34
25,739 -> 431,333
132,311 -> 132,89
926,479 -> 926,37
239,395 -> 239,722
286,538 -> 713,538
216,945 -> 570,945
975,858 -> 854,858
846,437 -> 313,437
90,318 -> 90,151
748,429 -> 976,429
750,500 -> 750,951
935,922 -> 38,25
543,914 -> 359,914
339,820 -> 339,78
978,358 -> 978,245
975,976 -> 22,23
767,159 -> 180,159
583,956 -> 583,48
208,267 -> 208,765
848,906 -> 848,895
325,374 -> 587,374
257,936 -> 257,777
276,179 -> 579,179
179,134 -> 390,134
381,286 -> 381,190
931,220 -> 931,540
957,774 -> 305,774
610,682 -> 965,682
640,672 -> 344,376
241,795 -> 241,908
638,641 -> 646,633
919,860 -> 114,55
833,163 -> 18,978
73,51 -> 987,965
702,909 -> 750,909
579,473 -> 579,582
455,475 -> 455,498
77,100 -> 956,979
376,424 -> 376,361
923,802 -> 923,89
343,451 -> 648,756
554,57 -> 614,57
977,949 -> 977,115
249,109 -> 249,143
930,66 -> 933,69
654,948 -> 810,948
544,424 -> 296,424
716,52 -> 10,758
960,557 -> 899,557
379,293 -> 417,331
620,287 -> 508,399
518,961 -> 518,948
961,433 -> 702,433
735,166 -> 772,166
587,31 -> 715,31
705,55 -> 680,55
122,656 -> 578,656
576,25 -> 576,721
434,791 -> 434,177
588,979 -> 588,133
54,545 -> 54,236
949,14 -> 95,14
17,533 -> 17,316
218,443 -> 973,443
281,443 -> 281,797
237,847 -> 237,400
543,776 -> 309,542
600,267 -> 600,452
856,93 -> 856,95
724,43 -> 724,216
616,793 -> 616,488
549,794 -> 549,486
830,858 -> 39,67
623,545 -> 477,399
695,42 -> 71,666
709,951 -> 709,310
755,354 -> 755,341
162,86 -> 162,868
563,809 -> 987,809
573,838 -> 573,141
204,85 -> 204,453
96,304 -> 574,782
702,693 -> 681,672
917,628 -> 917,654
503,228 -> 118,228
911,202 -> 983,202
195,373 -> 131,373
978,905 -> 426,905
527,585 -> 527,561
241,520 -> 241,812
301,501 -> 576,226
982,169 -> 220,169
839,105 -> 768,105
898,387 -> 399,886
241,805 -> 296,805
555,526 -> 314,526
723,235 -> 56,235
565,900 -> 119,454
100,255 -> 755,255
985,982 -> 66,63
968,50 -> 255,50
676,39 -> 676,513
181,306 -> 438,49
958,333 -> 280,333
732,309 -> 845,309
604,457 -> 644,417
736,61 -> 515,61
553,60 -> 445,168
767,475 -> 771,471
813,110 -> 39,884
82,177 -> 457,177
266,64 -> 807,64
135,37 -> 924,826
449,595 -> 167,877
13,32 -> 964,983
156,932 -> 765,932
738,588 -> 738,522
130,26 -> 130,464
681,485 -> 986,180
463,93 -> 349,93
364,324 -> 364,376
858,228 -> 858,749
271,536 -> 224,583
80,953 -> 940,93
977,293 -> 977,985
417,256 -> 690,256
973,874 -> 150,51
562,34 -> 116,34
10,837 -> 10,43
500,500 -> 983,17
480,444 -> 807,444
150,842 -> 419,842
28,866 -> 684,210
791,750 -> 772,769
673,13 -> 673,777
842,693 -> 332,693
934,985 -> 15,66
102,165 -> 796,165
386,768 -> 386,863
807,174 -> 459,174
388,397 -> 388,120
313,360 -> 590,83
546,364 -> 28,364
36,50 -> 747,761
587,597 -> 526,597
133,16 -> 836,16
867,375 -> 725,233
875,296 -> 875,520
77,60 -> 614,60
702,654 -> 395,961
50,963 -> 982,31
30,110 -> 841,921
277,401 -> 397,281
125,962 -> 977,110
592,895 -> 837,895
904,159 -> 578,485
146,158 -> 146,253
901,201 -> 901,792
707,847 -> 707,936
354,709 -> 928,709
415,338 -> 610,143
686,669 -> 686,92
915,143 -> 609,449
938,862 -> 976,862
52,763 -> 342,763
141,840 -> 141,826
360,223 -> 834,697
821,989 -> 359,989
925,854 -> 925,249
287,48 -> 287,453
543,986 -> 369,986
576,886 -> 522,886
819,441 -> 819,629
432,661 -> 432,871
366,841 -> 356,841
786,104 -> 786,549
576,15 -> 42,549
757,135 -> 231,661
569,210 -> 197,582
378,32 -> 378,988
829,822 -> 195,188
461,457 -> 339,335
608,742 -> 608,288
582,650 -> 182,650
713,554 -> 713,581
702,919 -> 702,829
956,960 -> 406,410
22,461 -> 22,24
333,572 -> 333,225
374,582 -> 374,463
294,736 -> 265,736
29,462 -> 29,271
858,80 -> 192,746
419,186 -> 419,625
518,320 -> 244,46
523,971 -> 745,971
83,78 -> 657,78
583,868 -> 583,58
287,830 -> 709,830
162,691 -> 495,358
704,28 -> 704,846
350,278 -> 912,278
496,15 -> 454,15
139,967 -> 715,391
792,440 -> 947,440
77,773 -> 31,727
734,413 -> 835,514
124,342 -> 124,785
747,397 -> 988,638
542,158 -> 675,158
169,969 -> 910,228
856,865 -> 856,193
960,63 -> 58,965
14,13 -> 969,968
26,754 -> 750,30
402,297 -> 131,26
182,567 -> 446,567
944,891 -> 428,375
587,900 -> 474,900
274,533 -> 317,490
529,43 -> 606,120
644,584 -> 644,558
706,824 -> 348,466
700,416 -> 401,416
986,829 -> 217,60
241,383 -> 863,383
877,833 -> 866,833
376,423 -> 856,903
234,926 -> 185,975
747,441 -> 747,988
99,739 -> 99,49
763,554 -> 763,693
168,78 -> 168,594
81,922 -> 946,57
685,344 -> 42,344
39,656 -> 283,412
502,709 -> 158,365
143,423 -> 924,423
876,846 -> 107,77
356,120 -> 356,785
485,91 -> 404,91
976,403 -> 976,575
371,390 -> 371,851
380,206 -> 380,228
232,268 -> 232,338
150,48 -> 246,144