977,970 -> 25,18
50,205 -> 691,205
41,898 -> 41,97
181,512 -> 46,512
675,15 -> 837,177
687,317 -> 687,362
191,922 -> 745,922
209,136 -> 561,136
708,919 -> 133,344
54,148 -> 769,148
68,199 -> 210,199
959,282 -> 959,334
842,362 -> 641,362
392,712 -> 572,712
798,874 -> 74,150
107,482 -> 470,119
71,24 -> 815,768
216,35 -> 922,741
185,497 -> 160,522
585,246 -> 676,155
762,657 -> 762,871
85,441 -> 85,156
248,276 -> 346,178
291,917 -> 747,917
54,958 -> 989,23
864,591 -> 443,170
544,667 -> 268,667
819,184 -> 200,803
418,191 -> 493,116
553,741 -> 462,741
266,155 -> 707,596
571,308 -> 895,308
77,611 -> 641,47
210,595 -> 210,356
718,711 -> 79,72
816,310 -> 142,984
936,974 -> 141,179
287,888 -> 927,888
859,70 -> 859,128
34,604 -> 34,961
916,446 -> 183,446
471,615 -> 231,855
88,514 -> 88,616
183,301 -> 313,301
982,41 -> 185,838
62,607 -> 13,607
853,688 -> 399,234
487,152 -> 487,682
282,50 -> 312,50
448,285 -> 789,626
362,875 -> 362,293
795,940 -> 795,451
743,871 -> 743,19
493,297 -> 493,607
988,615 -> 364,615
657,214 -> 657,500
784,627 -> 805,627
580,269 -> 870,269
966,942 -> 655,942
42,871 -> 880,33
599,385 -> 952,32
31,662 -> 735,662
703,733 -> 703,791
771,866 -> 771,46
902,360 -> 902,258
632,806 -> 887,806
835,307 -> 819,307
166,875 -> 166,12
564,984 -> 564,54
90,411 -> 90,403
86,247 -> 86,329
104,781 -> 464,781
77,663 -> 264,850
223,634 -> 755,634
529,908 -> 529,793
443,22 -> 443,144
159,704 -> 40,704
102,811 -> 102,186
803,266 -> 803,937
569,586 -> 569,954
987,988 -> 12,13
264,288 -> 283,288
927,139 -> 817,139
523,206 -> 523,166
76,333 -> 651,908
40,910 -> 687,263
760,977 -> 117,334
596,344 -> 596,546
852,859 -> 753,760
581,266 -> 802,266
985,603 -> 985,246
631,381 -> 814,381
341,884 -> 341,308
555,255 -> 891,255
82,50 -> 82,561
50,110 -> 344,404
651,518 -> 651,879
86,904 -> 86,157
223,258 -> 908,943
593,507 -> 454,507
941,65 -> 74,932
758,33 -> 758,811
671,816 -> 202,347
857,905 -> 212,260
83,11 -> 83,167
346,531 -> 724,153
245,113 -> 772,640
694,149 -> 694,308
458,482 -> 177,201
305,248 -> 408,351
910,875 -> 56,21
410,303 -> 798,303
352,959 -> 352,224
413,210 -> 875,672
942,47 -> 942,588
839,872 -> 58,91
970,908 -> 140,78
748,256 -> 441,256
478,683 -> 609,683
807,930 -> 950,930
730,804 -> 730,817
960,826 -> 807,979
130,602 -> 142,590
968,860 -> 968,572
240,465 -> 633,72
718,428 -> 718,606
350,904 -> 350,743
198,30 -> 970,802
173,345 -> 173,693
873,254 -> 873,714
244,726 -> 244,830
620,399 -> 147,399
318,929 -> 318,83
837,800 -> 843,800
418,486 -> 865,486
916,53 -> 916,207
127,582 -> 127,952
888,162 -> 941,162
660,965 -> 110,415
981,187 -> 383,785
940,809 -> 940,889
342,479 -> 271,550
646,51 -> 646,340
260,947 -> 906,947
961,928 -> 638,928
988,15 -> 18,985
393,437 -> 460,437
888,91 -> 888,83
875,707 -> 860,722
387,187 -> 895,695
857,561 -> 928,561
15,52 -> 398,52
363,821 -> 324,782
761,535 -> 290,64
878,539 -> 878,317
577,890 -> 51,890
379,471 -> 379,627
65,91 -> 535,91
79,77 -> 897,895
863,324 -> 885,324
970,536 -> 970,879
924,743 -> 765,743
317,524 -> 89,524
585,568 -> 585,229
29,338 -> 179,338
937,925 -> 937,239
478,905 -> 542,905
191,147 -> 191,956
759,101 -> 59,801
131,315 -> 131,121
132,121 -> 805,794
97,430 -> 541,430
887,426 -> 516,426
311,968 -> 261,968
503,628 -> 665,628
277,670 -> 705,670
747,671 -> 836,671
892,55 -> 14,933
973,711 -> 835,573
18,932 -> 300,932
562,923 -> 562,850
416,982 -> 416,742
13,918 -> 870,61
252,313 -> 252,702
340,563 -> 340,636
858,88 -> 858,646
806,963 -> 54,963
674,703 -> 674,760
826,782 -> 826,362
655,558 -> 655,213
716,929 -> 23,929
701,904 -> 701,234
496,17 -> 896,17
577,139 -> 577,117
613,336 -> 925,24
804,726 -> 804,551
301,134 -> 616,134
840,695 -> 301,156
148,280 -> 209,280
531,353 -> 531,666
899,726 -> 899,162
817,23 -> 47,793
673,921 -> 673,15
543,863 -> 543,795
947,464 -> 947,164
54,42 -> 840,828
24,54 -> 24,381
958,293 -> 958,748
674,800 -> 674,909
895,24 -> 343,24
659,513 -> 182,36
754,268 -> 260,762
619,544 -> 619,212
961,607 -> 961,558
390,450 -> 390,796
486,560 -> 486,801
653,44 -> 225,44
662,604 -> 951,315
929,537 -> 429,37
44,958 -> 715,287
205,970 -> 352,970
190,867 -> 914,143
276,789 -> 602,463
239,534 -> 239,457
715,841 -> 695,841
411,864 -> 418,864
612,624 -> 652,624
382,305 -> 382,890
55,59 -> 748,752
984,16 -> 46,954
530,625 -> 530,776
944,67 -> 395,616
561,744 -> 561,79
638,628 -> 502,628
474,556 -> 474,953
786,227 -> 733,227
13,15 -> 977,979
900,137 -> 98,939
604,240 -> 228,616
152,32 -> 474,354
500,982 -> 442,982
989,345 -> 445,345
819,279 -> 819,68
603,266 -> 795,266
486,311 -> 783,311
434,58 -> 568,58
195,75 -> 195,806
39,78 -> 233,78
648,503 -> 648,847
306,867 -> 773,867